{
 "cells": [
  {
   "cell_type": "code",
   "execution_count": 1,
   "metadata": {},
   "outputs": [],
   "source": [
    "import pandas as pd\n",
    "import json\n",
    "\n",
    "results = None\n",
    "with open('../results/shaping_results.json', 'r') as f:\n",
    "  results = json.load(f)\n",
    "results = [r for sample in results for r in sample] # flatten\n",
    "df = pd.DataFrame(results)"
   ]
  },
  {
   "cell_type": "code",
   "execution_count": 5,
   "metadata": {},
   "outputs": [
    {
     "data": {
      "text/html": [
       "<div>\n",
       "<style scoped>\n",
       "    .dataframe tbody tr th:only-of-type {\n",
       "        vertical-align: middle;\n",
       "    }\n",
       "\n",
       "    .dataframe tbody tr th {\n",
       "        vertical-align: top;\n",
       "    }\n",
       "\n",
       "    .dataframe thead th {\n",
       "        text-align: right;\n",
       "    }\n",
       "</style>\n",
       "<table border=\"1\" class=\"dataframe\">\n",
       "  <thead>\n",
       "    <tr style=\"text-align: right;\">\n",
       "      <th></th>\n",
       "      <th>0</th>\n",
       "    </tr>\n",
       "  </thead>\n",
       "  <tbody>\n",
       "    <tr>\n",
       "      <th>0</th>\n",
       "      <td>regret1</td>\n",
       "    </tr>\n",
       "    <tr>\n",
       "      <th>1</th>\n",
       "      <td>regret2</td>\n",
       "    </tr>\n",
       "    <tr>\n",
       "      <th>2</th>\n",
       "      <td>None</td>\n",
       "    </tr>\n",
       "    <tr>\n",
       "      <th>3</th>\n",
       "      <td>EPIC</td>\n",
       "    </tr>\n",
       "    <tr>\n",
       "      <th>4</th>\n",
       "      <td>Shaped EPIC</td>\n",
       "    </tr>\n",
       "  </tbody>\n",
       "</table>\n",
       "</div>"
      ],
      "text/plain": [
       "             0\n",
       "0      regret1\n",
       "1      regret2\n",
       "2         None\n",
       "3         EPIC\n",
       "4  Shaped EPIC"
      ]
     },
     "execution_count": 5,
     "metadata": {},
     "output_type": "execute_result"
    }
   ],
   "source": [
    "df.head()"
   ]
  },
  {
   "cell_type": "code",
   "execution_count": 10,
   "metadata": {},
   "outputs": [
    {
     "data": {
      "text/html": [
       "<div>\n",
       "<style scoped>\n",
       "    .dataframe tbody tr th:only-of-type {\n",
       "        vertical-align: middle;\n",
       "    }\n",
       "\n",
       "    .dataframe tbody tr th {\n",
       "        vertical-align: top;\n",
       "    }\n",
       "\n",
       "    .dataframe thead th {\n",
       "        text-align: right;\n",
       "    }\n",
       "</style>\n",
       "<table border=\"1\" class=\"dataframe\">\n",
       "  <thead>\n",
       "    <tr style=\"text-align: right;\">\n",
       "      <th></th>\n",
       "      <th>regret1</th>\n",
       "      <th>regret2</th>\n",
       "      <th>None</th>\n",
       "      <th>EPIC</th>\n",
       "      <th>Shaped EPIC</th>\n",
       "      <th>Maximal Shaped EPIC</th>\n",
       "    </tr>\n",
       "  </thead>\n",
       "  <tbody>\n",
       "    <tr>\n",
       "      <th>regret1</th>\n",
       "      <td>1.000000</td>\n",
       "      <td>-0.017169</td>\n",
       "      <td>-0.024223</td>\n",
       "      <td>0.032828</td>\n",
       "      <td>0.106250</td>\n",
       "      <td>0.042294</td>\n",
       "    </tr>\n",
       "    <tr>\n",
       "      <th>regret2</th>\n",
       "      <td>-0.017169</td>\n",
       "      <td>1.000000</td>\n",
       "      <td>-0.085023</td>\n",
       "      <td>-0.002315</td>\n",
       "      <td>-0.009832</td>\n",
       "      <td>0.000743</td>\n",
       "    </tr>\n",
       "    <tr>\n",
       "      <th>None</th>\n",
       "      <td>-0.024223</td>\n",
       "      <td>-0.085023</td>\n",
       "      <td>1.000000</td>\n",
       "      <td>0.179930</td>\n",
       "      <td>0.187526</td>\n",
       "      <td>-0.206596</td>\n",
       "    </tr>\n",
       "    <tr>\n",
       "      <th>EPIC</th>\n",
       "      <td>0.032828</td>\n",
       "      <td>-0.002315</td>\n",
       "      <td>0.179930</td>\n",
       "      <td>1.000000</td>\n",
       "      <td>0.134466</td>\n",
       "      <td>0.043636</td>\n",
       "    </tr>\n",
       "    <tr>\n",
       "      <th>Shaped EPIC</th>\n",
       "      <td>0.106250</td>\n",
       "      <td>-0.009832</td>\n",
       "      <td>0.187526</td>\n",
       "      <td>0.134466</td>\n",
       "      <td>1.000000</td>\n",
       "      <td>0.022333</td>\n",
       "    </tr>\n",
       "    <tr>\n",
       "      <th>Maximal Shaped EPIC</th>\n",
       "      <td>0.042294</td>\n",
       "      <td>0.000743</td>\n",
       "      <td>-0.206596</td>\n",
       "      <td>0.043636</td>\n",
       "      <td>0.022333</td>\n",
       "      <td>1.000000</td>\n",
       "    </tr>\n",
       "  </tbody>\n",
       "</table>\n",
       "</div>"
      ],
      "text/plain": [
       "                      regret1   regret2      None      EPIC  Shaped EPIC  \\\n",
       "regret1              1.000000 -0.017169 -0.024223  0.032828     0.106250   \n",
       "regret2             -0.017169  1.000000 -0.085023 -0.002315    -0.009832   \n",
       "None                -0.024223 -0.085023  1.000000  0.179930     0.187526   \n",
       "EPIC                 0.032828 -0.002315  0.179930  1.000000     0.134466   \n",
       "Shaped EPIC          0.106250 -0.009832  0.187526  0.134466     1.000000   \n",
       "Maximal Shaped EPIC  0.042294  0.000743 -0.206596  0.043636     0.022333   \n",
       "\n",
       "                     Maximal Shaped EPIC  \n",
       "regret1                         0.042294  \n",
       "regret2                         0.000743  \n",
       "None                           -0.206596  \n",
       "EPIC                            0.043636  \n",
       "Shaped EPIC                     0.022333  \n",
       "Maximal Shaped EPIC             1.000000  "
      ]
     },
     "execution_count": 10,
     "metadata": {},
     "output_type": "execute_result"
    }
   ],
   "source": [
    "df.corr()"
   ]
  }
 ],
 "metadata": {
  "kernelspec": {
   "display_name": "torch",
   "language": "python",
   "name": "python3"
  },
  "language_info": {
   "codemirror_mode": {
    "name": "ipython",
    "version": 3
   },
   "file_extension": ".py",
   "mimetype": "text/x-python",
   "name": "python",
   "nbconvert_exporter": "python",
   "pygments_lexer": "ipython3",
   "version": "3.10.8"
  },
  "orig_nbformat": 4
 },
 "nbformat": 4,
 "nbformat_minor": 2
}
